0.066667 0.000000 29.900000
0.102000
1.0 0.0 0.9

0.066667 0.000000 27.900000
0.102000
0.0 1.0 1.0

0.080743 0.020617 29.800000
0.104000
1.0 0.0 0.9

0.080743 0.020617 27.800000
0.104000
0.0 1.0 1.0

0.087758 0.047943 29.700000
0.106000
1.0 0.0 0.9

0.087758 0.047943 27.700000
0.106000
0.0 1.0 1.0

0.085364 0.079525 29.600000
0.108000
1.0 0.0 0.9

0.085364 0.079525 27.600000
0.108000
0.0 1.0 1.0

0.072040 0.112196 29.500000
0.110000
1.0 0.0 0.9

0.072040 0.112196 27.500000
0.110000
0.0 1.0 1.0

0.047298 0.142348 29.400000
0.112000
1.0 0.0 0.9

0.047298 0.142348 27.400000
0.112000
0.0 1.0 1.0

0.011790 0.166249 29.300000
0.114000
1.0 0.0 0.9

0.011790 0.166249 27.300000
0.114000
0.0 1.0 1.0

-0.032678 0.180397 29.200000
0.116000
1.0 0.0 0.9

-0.032678 0.180397 27.200000
0.116000
0.0 1.0 1.0

-0.083229 0.181859 29.100000
0.118000
1.0 0.0 0.9

-0.083229 0.181859 27.100000
0.118000
0.0 1.0 1.0

-0.136104 0.168583 29.000000
0.120000
1.0 0.0 0.9

-0.136104 0.168583 27.000000
0.120000
0.0 1.0 1.0

-0.186934 0.139644 28.900000
0.122000
1.0 0.0 0.9

-0.186934 0.139644 26.900000
0.122000
0.0 1.0 1.0

-0.231076 0.095415 28.800000
0.124000
1.0 0.0 0.9

-0.231076 0.095415 26.800000
0.124000
0.0 1.0 1.0

-0.263998 0.037632 28.700000
0.126000
1.0 0.0 0.9

-0.263998 0.037632 26.700000
0.126000
0.0 1.0 1.0

-0.281670 -0.030655 28.600000
0.128000
1.0 0.0 0.9

-0.281670 -0.030655 26.600000
0.128000
0.0 1.0 1.0

-0.280937 -0.105235 28.500000
0.130000
1.0 0.0 0.9

-0.280937 -0.105235 26.500000
0.130000
0.0 1.0 1.0

-0.259844 -0.180994 28.400000
0.132000
1.0 0.0 0.9

-0.259844 -0.180994 26.400000
0.132000
0.0 1.0 1.0

-0.217881 -0.252267 28.300000
0.134000
1.0 0.0 0.9

-0.217881 -0.252267 26.300000
0.134000
0.0 1.0 1.0

-0.156131 -0.313246 28.200000
0.136000
1.0 0.0 0.9

-0.156131 -0.313246 26.200000
0.136000
0.0 1.0 1.0

-0.077292 -0.358428 28.100000
0.138000
1.0 0.0 0.9

-0.077292 -0.358428 26.100000
0.138000
0.0 1.0 1.0

0.014414 -0.383062 28.000000
0.140000
1.0 0.0 0.9

0.014414 -0.383062 26.000000
0.140000
0.0 1.0 1.0

0.113465 -0.383570 27.900000
0.142000
1.0 0.0 0.9

0.113465 -0.383570 25.900000
0.142000
0.0 1.0 1.0

0.213369 -0.357889 27.800000
0.144000
1.0 0.0 0.9

0.213369 -0.357889 25.800000
0.144000
0.0 1.0 1.0

0.307090 -0.305734 27.700000
0.146000
1.0 0.0 0.9

0.307090 -0.305734 25.700000
0.146000
0.0 1.0 1.0

0.387537 -0.228726 27.600000
0.148000
1.0 0.0 0.9

0.387537 -0.228726 25.600000
0.148000
0.0 1.0 1.0

0.448079 -0.130394 27.500000
0.150000
1.0 0.0 0.9

0.448079 -0.130394 25.500000
0.150000
0.0 1.0 1.0

0.483067 -0.016037 27.400000
0.152000
1.0 0.0 0.9

0.483067 -0.016037 25.400000
0.152000
0.0 1.0 1.0

0.488294 0.107560 27.300000
0.154000
1.0 0.0 0.9

0.488294 0.107560 25.300000
0.154000
0.0 1.0 1.0

0.461387 0.232523 27.200000
0.156000
1.0 0.0 0.9

0.461387 0.232523 25.200000
0.156000
0.0 1.0 1.0

0.402081 0.350393 27.100000
0.158000
1.0 0.0 0.9

0.402081 0.350393 25.100000
0.158000
0.0 1.0 1.0

0.312358 0.452694 27.000000
0.160000
1.0 0.0 0.9

0.312358 0.452694 25.000000
0.160000
0.0 1.0 1.0

0.196427 0.531533 26.900000
0.162000
1.0 0.0 0.9

0.196427 0.531533 24.900000
0.162000
0.0 1.0 1.0

0.060547 0.580183 26.800000
0.164000
1.0 0.0 0.9

0.060547 0.580183 24.800000
0.164000
0.0 1.0 1.0

-0.087300 0.593615 26.700000
0.166000
1.0 0.0 0.9

-0.087300 0.593615 24.700000
0.166000
0.0 1.0 1.0

-0.237878 0.568939 26.600000
0.168000
1.0 0.0 0.9

-0.237878 0.568939 24.600000
0.168000
0.0 1.0 1.0

-0.381274 0.505709 26.500000
0.170000
1.0 0.0 0.9

-0.381274 0.505709 24.500000
0.170000
0.0 1.0 1.0

-0.507550 0.406071 26.400000
0.172000
1.0 0.0 0.9

-0.507550 0.406071 24.400000
0.172000
0.0 1.0 1.0

-0.607420 0.274746 26.300000
0.174000
1.0 0.0 0.9

-0.607420 0.274746 24.300000
0.174000
0.0 1.0 1.0

-0.672923 0.118824 26.200000
0.176000
1.0 0.0 0.9

-0.672923 0.118824 24.200000
0.176000
0.0 1.0 1.0

-0.698021 -0.052606 26.100000
0.178000
1.0 0.0 0.9

-0.698021 -0.052606 24.100000
0.178000
0.0 1.0 1.0

-0.679099 -0.228989 26.000000
0.180000
1.0 0.0 0.9

-0.679099 -0.228989 24.000000
0.180000
0.0 1.0 1.0

-0.615319 -0.398949 25.900000
0.182000
1.0 0.0 0.9

-0.615319 -0.398949 23.900000
0.182000
0.0 1.0 1.0

-0.508795 -0.551024 25.800000
0.184000
1.0 0.0 0.9

-0.508795 -0.551024 23.800000
0.184000
0.0 1.0 1.0

-0.364578 -0.674433 25.700000
0.186000
1.0 0.0 0.9

-0.364578 -0.674433 23.700000
0.186000
0.0 1.0 1.0

-0.190439 -0.759832 25.600000
0.188000
1.0 0.0 0.9

-0.190439 -0.759832 23.600000
0.188000
0.0 1.0 1.0

0.003541 -0.799992 25.500000
0.190000
1.0 0.0 0.9

0.003541 -0.799992 23.500000
0.190000
0.0 1.0 1.0

0.205547 -0.790377 25.400000
0.192000
1.0 0.0 0.9

0.205547 -0.790377 23.400000
0.192000
0.0 1.0 1.0

0.402754 -0.729543 25.300000
0.194000
1.0 0.0 0.9

0.402754 -0.729543 23.300000
0.194000
0.0 1.0 1.0

0.582140 -0.619365 25.200000
0.196000
1.0 0.0 0.9

0.582140 -0.619365 23.200000
0.196000
0.0 1.0 1.0

0.731340 -0.465030 25.100000
0.198000
1.0 0.0 0.9

0.731340 -0.465030 23.100000
0.198000
0.0 1.0 1.0

0.839494 -0.274822 25.000000
0.200000
1.0 0.0 0.9

0.839494 -0.274822 23.000000
0.200000
0.0 1.0 1.0

0.898018 -0.059690 24.900000
0.202000
1.0 0.0 0.9

0.898018 -0.059690 22.900000
0.202000
0.0 1.0 1.0

0.901255 0.167383 24.800000
0.204000
1.0 0.0 0.9

0.901255 0.167383 22.800000
0.204000
0.0 1.0 1.0

0.846950 0.392156 24.700000
0.206000
1.0 0.0 0.9

0.846950 0.392156 22.700000
0.206000
0.0 1.0 1.0

0.736521 0.600030 24.600000
0.208000
1.0 0.0 0.9

0.736521 0.600030 22.600000
0.208000
0.0 1.0 1.0

0.575090 0.776992 24.500000
0.210000
1.0 0.0 0.9

0.575090 0.776992 22.500000
0.210000
0.0 1.0 1.0

0.371274 0.910549 24.400000
0.212000
1.0 0.0 0.9

0.371274 0.910549 22.400000
0.212000
0.0 1.0 1.0

0.136737 0.990607 24.300000
0.214000
1.0 0.0 0.9

0.136737 0.990607 22.300000
0.214000
0.0 1.0 1.0

-0.114470 1.010202 24.200000
0.216000
1.0 0.0 0.9

-0.114470 1.010202 22.200000
0.216000
0.0 1.0 1.0

-0.366755 0.966058 24.100000
0.218000
1.0 0.0 0.9

-0.366755 0.966058 22.100000
0.218000
0.0 1.0 1.0

-0.603947 0.858923 24.000000
0.220000
1.0 0.0 0.9

-0.603947 0.858923 22.000000
0.220000
0.0 1.0 1.0

-0.810334 0.693640 23.900000
0.222000
1.0 0.0 0.9

-0.810334 0.693640 21.900000
0.222000
0.0 1.0 1.0

-0.971701 0.478966 23.800000
0.224000
1.0 0.0 0.9

-0.971701 0.478966 21.800000
0.224000
0.0 1.0 1.0

-1.076299 0.227114 23.700000
0.226000
1.0 0.0 0.9

-1.076299 0.227114 21.700000
0.226000
0.0 1.0 1.0

-1.115680 -0.046927 23.600000
0.228000
1.0 0.0 0.9

-1.115680 -0.046927 21.600000
0.228000
0.0 1.0 1.0

-1.085347 -0.326290 23.500000
0.230000
1.0 0.0 0.9

-1.085347 -0.326290 21.500000
0.230000
0.0 1.0 1.0

-0.985159 -0.593264 23.400000
0.232000
1.0 0.0 0.9

-0.985159 -0.593264 21.400000
0.232000
0.0 1.0 1.0

-0.819463 -0.830416 23.300000
0.234000
1.0 0.0 0.9

-0.819463 -0.830416 21.300000
0.234000
0.0 1.0 1.0

-0.596948 -1.021730 23.200000
0.236000
1.0 0.0 0.9

-0.596948 -1.021730 21.200000
0.236000
0.0 1.0 1.0

-0.330196 -1.153677 23.100000
0.238000
1.0 0.0 0.9

-0.330196 -1.153677 21.100000
0.238000
0.0 1.0 1.0

-0.034986 -1.216164 23.000000
0.240000
1.0 0.0 0.9

-0.034986 -1.216164 21.000000
0.240000
0.0 1.0 1.0

0.270643 -1.203272 22.900000
0.242000
1.0 0.0 0.9

0.270643 -1.203272 20.900000
0.242000
0.0 1.0 1.0

0.567490 -1.113757 22.800000
0.244000
1.0 0.0 0.9

0.567490 -1.113757 20.800000
0.244000
0.0 1.0 1.0

0.836401 -0.951251 22.700000
0.246000
1.0 0.0 0.9

0.836401 -0.951251 20.700000
0.246000
0.0 1.0 1.0

1.059502 -0.724154 22.600000
0.248000
1.0 0.0 0.9

1.059502 -0.724154 20.600000
0.248000
0.0 1.0 1.0

1.221382 -0.445225 22.500000
0.250000
1.0 0.0 0.9

1.221382 -0.445225 20.500000
0.250000
0.0 1.0 1.0

1.310147 -0.130866 22.400000
0.252000
1.0 0.0 0.9

1.310147 -0.130866 20.400000
0.252000
0.0 1.0 1.0

1.318273 0.199836 22.300000
0.254000
1.0 0.0 0.9

1.318273 0.199836 20.300000
0.254000
0.0 1.0 1.0

1.243199 0.526267 22.200000
0.256000
1.0 0.0 0.9

1.243199 0.526267 20.200000
0.256000
0.0 1.0 1.0

1.087614 0.827571 22.100000
0.258000
1.0 0.0 0.9

1.087614 0.827571 20.100000
0.258000
0.0 1.0 1.0

0.859413 1.083984 22.000000
0.260000
1.0 0.0 0.9

0.859413 1.083984 20.000000
0.260000
0.0 1.0 1.0

0.571315 1.278123 21.900000
0.262000
1.0 0.0 0.9

0.571315 1.278123 19.900000
0.262000
0.0 1.0 1.0

0.240167 1.396161 21.800000
0.264000
1.0 0.0 0.9

0.240167 1.396161 19.800000
0.264000
0.0 1.0 1.0

-0.114041 1.428789 21.700000
0.266000
1.0 0.0 0.9

-0.114041 1.428789 19.700000
0.266000
0.0 1.0 1.0

-0.469379 1.371927 21.600000
0.268000
1.0 0.0 0.9

-0.469379 1.371927 19.600000
0.268000
0.0 1.0 1.0

-0.803336 1.227095 21.500000
0.270000
1.0 0.0 0.9

-0.803336 1.227095 19.500000
0.270000
0.0 1.0 1.0

-1.094246 1.001451 21.400000
0.272000
1.0 0.0 0.9

-1.094246 1.001451 19.400000
0.272000
0.0 1.0 1.0

-1.322688 0.707459 21.300000
0.274000
1.0 0.0 0.9

-1.322688 0.707459 19.300000
0.274000
0.0 1.0 1.0

-1.472781 0.362207 21.200000
0.276000
1.0 0.0 0.9

-1.472781 0.362207 19.200000
0.276000
0.0 1.0 1.0

-1.533273 -0.013572 21.100000
0.278000
1.0 0.0 0.9

-1.533273 -0.013572 19.100000
0.278000
0.0 1.0 1.0

-1.498361 -0.396754 21.000000
0.280000
1.0 0.0 0.9

-1.498361 -0.396754 19.000000
0.280000
0.0 1.0 1.0

-1.368177 -0.763240 20.900000
0.282000
1.0 0.0 0.9

-1.368177 -0.763240 18.900000
0.282000
0.0 1.0 1.0

-1.148909 -1.089473 20.800000
0.284000
1.0 0.0 0.9

-1.148909 -1.089473 18.800000
0.284000
0.0 1.0 1.0

-0.852533 -1.353953 20.700000
0.286000
1.0 0.0 0.9

-0.852533 -1.353953 18.700000
0.286000
0.0 1.0 1.0

-0.496172 -1.538644 20.600000
0.288000
1.0 0.0 0.9

-0.496172 -1.538644 18.600000
0.288000
0.0 1.0 1.0

-0.101112 -1.630201 20.500000
0.290000
1.0 0.0 0.9

-0.101112 -1.630201 18.500000
0.290000
0.0 1.0 1.0

0.308465 -1.620910 20.400000
0.292000
1.0 0.0 0.9

0.308465 -1.620910 18.400000
0.292000
0.0 1.0 1.0

0.706965 -1.509297 20.300000
0.294000
1.0 0.0 0.9

0.706965 -1.509297 18.300000
0.294000
0.0 1.0 1.0

1.068977 -1.300346 20.200000
0.296000
1.0 0.0 0.9

1.068977 -1.300346 18.200000
0.296000
0.0 1.0 1.0

1.370896 -1.005308 20.100000
0.298000
1.0 0.0 0.9

1.370896 -1.005308 18.100000
0.298000
0.0 1.0 1.0

1.592456 -0.641114 20.000000
0.300000
1.0 0.0 0.9

1.592456 -0.641114 18.000000
0.300000
0.0 1.0 1.0

1.718085 -0.229410 19.900000
0.302000
1.0 0.0 0.9

1.718085 -0.229410 17.900000
0.302000
0.0 1.0 1.0

1.737983 0.204733 19.800000
0.304000
1.0 0.0 0.9

1.737983 0.204733 17.800000
0.304000
0.0 1.0 1.0

1.648857 0.634336 19.700000
0.306000
1.0 0.0 0.9

1.648857 0.634336 17.700000
0.306000
0.0 1.0 1.0

1.454252 1.032197 19.600000
0.308000
1.0 0.0 0.9

1.454252 1.032197 17.600000
0.308000
0.0 1.0 1.0

1.164455 1.372605 19.500000
0.310000
1.0 0.0 0.9

1.164455 1.372605 17.500000
0.310000
0.0 1.0 1.0

0.795969 1.633007 19.400000
0.312000
1.0 0.0 0.9

0.795969 1.633007 17.400000
0.312000
0.0 1.0 1.0

0.370581 1.795489 19.300000
0.314000
1.0 0.0 0.9

0.370581 1.795489 17.300000
0.314000
0.0 1.0 1.0

-0.085925 1.848004 19.200000
0.316000
1.0 0.0 0.9

-0.085925 1.848004 17.200000
0.316000
0.0 1.0 1.0

-0.545326 1.785235 19.100000
0.318000
1.0 0.0 0.9

-0.545326 1.785235 17.100000
0.318000
0.0 1.0 1.0

-0.978708 1.609060 19.000000
0.320000
1.0 0.0 0.9

-0.978708 1.609060 17.000000
0.320000
0.0 1.0 1.0

-1.358285 1.328556 18.900000
0.322000
1.0 0.0 0.9

-1.358285 1.328556 16.900000
0.322000
0.0 1.0 1.0

-1.659177 0.959553 18.800000
0.324000
1.0 0.0 0.9

-1.659177 0.959553 16.800000
0.324000
0.0 1.0 1.0

-1.861038 0.523751 18.700000
0.326000
1.0 0.0 0.9

-1.861038 0.523751 16.700000
0.326000
0.0 1.0 1.0

-1.949423 0.047446 18.600000
0.328000
1.0 0.0 0.9

-1.949423 0.047446 16.600000
0.328000
0.0 1.0 1.0

-1.916802 -0.440053 18.500000
0.330000
1.0 0.0 0.9

-1.916802 -0.440053 16.500000
0.330000
0.0 1.0 1.0

-1.763159 -0.908229 18.400000
0.332000
1.0 0.0 0.9

-1.763159 -0.908229 16.400000
0.332000
0.0 1.0 1.0

-1.496115 -1.327268 18.300000
0.334000
1.0 0.0 0.9

-1.496115 -1.327268 16.300000
0.334000
0.0 1.0 1.0

-1.130577 -1.669952 18.200000
0.336000
1.0 0.0 0.9

-1.130577 -1.669952 16.200000
0.336000
0.0 1.0 1.0

-0.687916 -1.913431 18.100000
0.338000
1.0 0.0 0.9

-0.687916 -1.913431 16.100000
0.338000
0.0 1.0 1.0

-0.194723 -2.040731 18.000000
0.340000
1.0 0.0 0.9

-0.194723 -2.040731 16.000000
0.340000
0.0 1.0 1.0

0.318786 -2.041932 17.900000
0.342000
1.0 0.0 0.9

0.318786 -2.041932 15.900000
0.342000
0.0 1.0 1.0

0.820623 -1.914904 17.800000
0.344000
1.0 0.0 0.9

0.820623 -1.914904 15.800000
0.344000
0.0 1.0 1.0

1.279018 -1.665567 17.700000
0.346000
1.0 0.0 0.9

1.279018 -1.665567 15.700000
0.346000
0.0 1.0 1.0

1.664430 -1.307651 17.600000
0.348000
1.0 0.0 0.9

1.664430 -1.307651 15.600000
0.348000
0.0 1.0 1.0

1.951450 -0.861947 17.500000
0.350000
1.0 0.0 0.9

1.951450 -0.861947 15.500000
0.350000
0.0 1.0 1.0

2.120471 -0.355107 17.400000
0.352000
1.0 0.0 0.9

2.120471 -0.355107 15.400000
0.352000
0.0 1.0 1.0

2.159014 0.181945 17.300000
0.354000
1.0 0.0 0.9

2.159014 0.181945 15.300000
0.354000
0.0 1.0 1.0

2.062627 0.715902 17.200000
0.356000
1.0 0.0 0.9

2.062627 0.715902 15.200000
0.356000
0.0 1.0 1.0

1.835291 1.213139 17.100000
0.358000
1.0 0.0 0.9

1.835291 1.213139 15.100000
0.358000
0.0 1.0 1.0

1.489299 1.641828 17.000000
0.360000
1.0 0.0 0.9

1.489299 1.641828 15.000000
0.360000
0.0 1.0 1.0

1.044601 1.973977 16.900000
0.362000
1.0 0.0 0.9

1.044601 1.973977 14.900000
0.362000
0.0 1.0 1.0

0.527666 2.187251 16.800000
0.364000
1.0 0.0 0.9

0.527666 2.187251 14.800000
0.364000
0.0 1.0 1.0

-0.030094 2.266467 16.700000
0.366000
1.0 0.0 0.9

-0.030094 2.266467 14.700000
0.366000
0.0 1.0 1.0

-0.594229 2.204655 16.600000
0.368000
1.0 0.0 0.9

-0.594229 2.204655 14.600000
0.368000
0.0 1.0 1.0

-1.129380 2.003622 16.500000
0.370000
1.0 0.0 0.9

-1.129380 2.003622 14.500000
0.370000
0.0 1.0 1.0

-1.601496 1.673964 16.400000
0.372000
1.0 0.0 0.9

-1.601496 1.673964 14.400000
0.372000
0.0 1.0 1.0

-1.979997 1.234526 16.300000
0.374000
1.0 0.0 0.9

-1.979997 1.234526 14.300000
0.374000
0.0 1.0 1.0

-2.239755 0.711334 16.200000
0.376000
1.0 0.0 0.9

-2.239755 0.711334 14.200000
0.376000
0.0 1.0 1.0

-2.362753 0.136054 16.100000
0.378000
1.0 0.0 0.9

-2.362753 0.136054 14.100000
0.378000
0.0 1.0 1.0

-2.339320 -0.455919 16.000000
0.380000
1.0 0.0 0.9

-2.339320 -0.455919 14.000000
0.380000
0.0 1.0 1.0

-2.168861 -1.027638 15.900000
0.382000
1.0 0.0 0.9

-2.168861 -1.027638 13.900000
0.382000
0.0 1.0 1.0

-1.860023 -1.542917 15.800000
0.384000
1.0 0.0 0.9

-1.860023 -1.542917 13.800000
0.384000
0.0 1.0 1.0

-1.430272 -1.968612 15.700000
0.386000
1.0 0.0 0.9

-1.430272 -1.968612 13.700000
0.386000
0.0 1.0 1.0

-0.904921 -2.276756 15.600000
0.388000
1.0 0.0 0.9

-0.904921 -2.276756 13.600000
0.388000
0.0 1.0 1.0

-0.315644 -2.446388 15.500000
0.390000
1.0 0.0 0.9

-0.315644 -2.446388 13.500000
0.390000
0.0 1.0 1.0

0.301438 -2.464971 15.400000
0.392000
1.0 0.0 0.9

0.301438 -2.464971 13.400000
0.392000
0.0 1.0 1.0

0.907964 -2.329292 15.300000
0.394000
1.0 0.0 0.9

0.907964 -2.329292 13.300000
0.394000
0.0 1.0 1.0

1.465720 -2.045795 15.200000
0.396000
1.0 0.0 0.9

1.465720 -2.045795 13.200000
0.396000
0.0 1.0 1.0

1.939049 -1.630297 15.100000
0.398000
1.0 0.0 0.9

1.939049 -1.630297 13.100000
0.398000
0.0 1.0 1.0

2.297124 -1.107122 15.000000
0.400000
1.0 0.0 0.9

2.297124 -1.107122 13.000000
0.400000
0.0 1.0 1.0

2.515956 -0.507684 14.900000
0.402000
1.0 0.0 0.9

2.515956 -0.507684 12.900000
0.402000
0.0 1.0 1.0

2.579989 0.131404 14.800000
0.404000
1.0 0.0 0.9

2.579989 0.131404 12.800000
0.404000
0.0 1.0 1.0

2.483191 0.770558 14.700000
0.406000
1.0 0.0 0.9

2.483191 0.770558 12.700000
0.406000
0.0 1.0 1.0

2.229557 1.369679 14.600000
0.408000
1.0 0.0 0.9

2.229557 1.369679 12.600000
0.408000
0.0 1.0 1.0

1.832983 1.890666 14.500000
0.410000
1.0 0.0 0.9

1.832983 1.890666 12.500000
0.410000
0.0 1.0 1.0

1.316521 2.299842 14.400000
0.412000
1.0 0.0 0.9

1.316521 2.299842 12.400000
0.412000
0.0 1.0 1.0

0.711048 2.570121 14.300000
0.414000
1.0 0.0 0.9

0.711048 2.570121 12.300000
0.414000
0.0 1.0 1.0

0.053417 2.682802 14.200000
0.416000
1.0 0.0 0.9

0.053417 2.682802 12.200000
0.416000
0.0 1.0 1.0

-0.615781 2.628843 14.100000
0.418000
1.0 0.0 0.9

-0.615781 2.628843 12.100000
0.418000
0.0 1.0 1.0

-1.254721 2.409554 14.000000
0.420000
1.0 0.0 0.9

-1.254721 2.409554 12.000000
0.420000
0.0 1.0 1.0

-1.822964 2.036643 13.900000
0.422000
1.0 0.0 0.9

-1.822964 2.036643 11.900000
0.422000
0.0 1.0 1.0

-2.284008 1.531602 13.800000
0.424000
1.0 0.0 0.9

-2.284008 1.531602 11.800000
0.424000
0.0 1.0 1.0

-2.607637 0.924485 13.700000
0.426000
1.0 0.0 0.9

-2.607637 0.924485 11.700000
0.426000
0.0 1.0 1.0

-2.771892 0.252115 13.600000
0.428000
1.0 0.0 0.9

-2.771892 0.252115 11.600000
0.428000
0.0 1.0 1.0

-2.764550 -0.444143 13.500000
0.430000
1.0 0.0 0.9

-2.764550 -0.444143 11.500000
0.430000
0.0 1.0 1.0

-2.584014 -1.120929 13.400000
0.432000
1.0 0.0 0.9

-2.584014 -1.120929 11.400000
0.432000
0.0 1.0 1.0

-2.239535 -1.735587 13.300000
0.434000
1.0 0.0 0.9

-2.239535 -1.735587 11.300000
0.434000
0.0 1.0 1.0

-1.750760 -2.248853 13.200000
0.436000
1.0 0.0 0.9

-1.750760 -2.248853 11.200000
0.436000
0.0 1.0 1.0

-1.146625 -2.627362 13.100000
0.438000
1.0 0.0 0.9

-1.146625 -2.627362 11.100000
0.438000
0.0 1.0 1.0

-0.463639 -2.845813 13.000000
0.440000
1.0 0.0 0.9

-0.463639 -2.845813 11.000000
0.440000
0.0 1.0 1.0

0.256313 -2.888651 12.900000
0.442000
1.0 0.0 0.9

0.256313 -2.888651 10.900000
0.442000
0.0 1.0 1.0

0.968543 -2.751158 12.800000
0.444000
1.0 0.0 0.9

0.968543 -2.751158 10.800000
0.444000
0.0 1.0 1.0

1.628332 -2.439873 12.700000
0.446000
1.0 0.0 0.9

1.628332 -2.439873 10.700000
0.446000
0.0 1.0 1.0

2.193740 -1.972310 12.600000
0.448000
1.0 0.0 0.9

2.193740 -1.972310 10.600000
0.448000
0.0 1.0 1.0

2.628264 -1.375986 12.500000
0.450000
1.0 0.0 0.9

2.628264 -1.375986 10.500000
0.450000
0.0 1.0 1.0

2.903201 -0.686804 12.400000
0.452000
1.0 0.0 0.9

2.903201 -0.686804 10.400000
0.452000
0.0 1.0 1.0

2.999530 0.053106 12.300000
0.454000
1.0 0.0 0.9

2.999530 0.053106 10.300000
0.454000
0.0 1.0 1.0

2.909216 0.797959 12.200000
0.456000
1.0 0.0 0.9

2.909216 0.797959 10.200000
0.456000
0.0 1.0 1.0

2.635840 1.501152 12.100000
0.458000
1.0 0.0 0.9

2.635840 1.501152 10.100000
0.458000
0.0 1.0 1.0

2.194499 2.118177 12.000000
0.460000
1.0 0.0 0.9

2.194499 2.118177 10.000000
0.460000
0.0 1.0 1.0

1.610987 2.609437 11.900000
0.462000
1.0 0.0 0.9

1.610987 2.609437 9.900000
0.462000
0.0 1.0 1.0

0.920295 2.942788 11.800000
0.464000
1.0 0.0 0.9

0.920295 2.942788 9.800000
0.464000
0.0 1.0 1.0

0.164512 3.095632 11.700000
0.466000
1.0 0.0 0.9

0.164512 3.095632 9.700000
0.466000
0.0 1.0 1.0

-0.609734 3.056442 11.600000
0.468000
1.0 0.0 0.9

-0.609734 3.056442 9.600000
0.468000
0.0 1.0 1.0

-1.354158 2.825603 11.500000
0.470000
1.0 0.0 0.9

-1.354158 2.825603 9.500000
0.470000
0.0 1.0 1.0

-2.021823 2.415519 11.400000
0.472000
1.0 0.0 0.9

-2.021823 2.415519 9.400000
0.472000
0.0 1.0 1.0

-2.570105 1.849956 11.300000
0.474000
1.0 0.0 0.9

-2.570105 1.849956 9.300000
0.474000
0.0 1.0 1.0

-2.963409 1.162678 11.200000
0.476000
1.0 0.0 0.9

-2.963409 1.162678 9.200000
0.476000
0.0 1.0 1.0

-3.175474 0.395434 11.100000
0.478000
1.0 0.0 0.9

-3.175474 0.395434 9.100000
0.478000
0.0 1.0 1.0

-3.191122 -0.404580 11.000000
0.480000
1.0 0.0 0.9

-3.191122 -0.404580 9.000000
0.480000
0.0 1.0 1.0

-3.007325 -1.187621 10.900000
0.482000
1.0 0.0 0.9

-3.007325 -1.187621 8.900000
0.482000
0.0 1.0 1.0

-2.633517 -1.904491 10.800000
0.484000
1.0 0.0 0.9

-2.633517 -1.904491 8.800000
0.484000
0.0 1.0 1.0

-2.091138 -2.509632 10.700000
0.486000
1.0 0.0 0.9

-2.091138 -2.509632 8.700000
0.486000
0.0 1.0 1.0

-1.412406 -2.964015 10.600000
0.488000
1.0 0.0 0.9

-1.412406 -2.964015 8.600000
0.488000
0.0 1.0 1.0

-0.638413 -3.237658 10.500000
0.490000
1.0 0.0 0.9

-0.638413 -3.237658 8.500000
0.490000
0.0 1.0 1.0

0.183364 -3.311594 10.400000
0.492000
1.0 0.0 0.9

0.183364 -3.311594 8.400000
0.492000
0.0 1.0 1.0

1.001975 -3.179176 10.300000
0.494000
1.0 0.0 0.9

1.001975 -3.179176 8.300000
0.494000
0.0 1.0 1.0

1.766154 -2.846612 10.200000
0.496000
1.0 0.0 0.9

1.766154 -2.846612 8.200000
0.496000
0.0 1.0 1.0

2.427529 -2.332713 10.100000
0.498000
1.0 0.0 0.9

2.427529 -2.332713 8.100000
0.498000
0.0 1.0 1.0

2.943686 -1.667830 10.000000
0.500000
1.0 0.0 0.9

2.943686 -1.667830 8.000000
0.500000
0.0 1.0 1.0

3.280884 -0.892075 9.900000
0.502000
1.0 0.0 0.9

3.280884 -0.892075 7.900000
0.502000
0.0 1.0 1.0

3.416257 -0.052896 9.800000
0.504000
1.0 0.0 0.9

3.416257 -0.052896 7.800000
0.504000
0.0 1.0 1.0

3.339351 0.797817 9.700000
0.506000
1.0 0.0 0.9

3.339351 0.797817 7.700000
0.506000
0.0 1.0 1.0

3.052904 1.606946 9.600000
0.508000
1.0 0.0 0.9

3.052904 1.606946 7.600000
0.508000
0.0 1.0 1.0

2.572801 2.323461 9.500000
0.510000
1.0 0.0 0.9

2.572801 2.323461 7.500000
0.510000
0.0 1.0 1.0

1.927207 2.901635 9.400000
0.512000
1.0 0.0 0.9

1.927207 2.901635 7.400000
0.512000
0.0 1.0 1.0

1.154918 3.303962 9.300000
0.514000
1.0 0.0 0.9

1.154918 3.303962 7.300000
0.514000
0.0 1.0 1.0

0.303037 3.503586 9.200000
0.516000
1.0 0.0 0.9

0.303037 3.503586 7.200000
0.516000
0.0 1.0 1.0

-0.575901 3.486084 9.100000
0.518000
1.0 0.0 0.9

-0.575901 3.486084 7.100000
0.518000
0.0 1.0 1.0

-1.427169 3.250491 9.000000
0.520000
1.0 0.0 0.9

-1.427169 3.250491 7.000000
0.520000
0.0 1.0 1.0

-2.197253 2.809482 8.900000
0.522000
1.0 0.0 0.9

-2.197253 2.809482 6.900000
0.522000
0.0 1.0 1.0

-2.837219 2.188713 8.800000
0.524000
1.0 0.0 0.9

-2.837219 2.188713 6.800000
0.524000
0.0 1.0 1.0

-3.305818 1.425331 8.700000
0.526000
1.0 0.0 0.9

-3.305818 1.425331 6.700000
0.526000
0.0 1.0 1.0

-3.572142 0.565755 8.600000
0.528000
1.0 0.0 0.9

-3.572142 0.565755 6.600000
0.528000
0.0 1.0 1.0

-3.617658 -0.337141 8.500000
0.530000
1.0 0.0 0.9

-3.617658 -0.337141 6.500000
0.530000
0.0 1.0 1.0

-3.437480 -1.227287 8.400000
0.532000
1.0 0.0 0.9

-3.437480 -1.227287 6.400000
0.532000
0.0 1.0 1.0

-3.040803 -2.048893 8.300000
0.534000
1.0 0.0 0.9

-3.040803 -2.048893 6.300000
0.534000
0.0 1.0 1.0

-2.450455 -2.749948 8.200000
0.536000
1.0 0.0 0.9

-2.450455 -2.749948 6.200000
0.536000
0.0 1.0 1.0

-1.701593 -3.285511 8.100000
0.538000
1.0 0.0 0.9

-1.701593 -3.285511 6.100000
0.538000
0.0 1.0 1.0

-0.839612 -3.620589 8.000000
0.540000
1.0 0.0 0.9

-0.839612 -3.620589 6.000000
0.540000
0.0 1.0 1.0

0.082607 -3.732419 7.900000
0.542000
1.0 0.0 0.9

0.082607 -3.732419 5.900000
0.542000
0.0 1.0 1.0

1.007934 -3.612004 7.800000
0.544000
1.0 0.0 0.9

1.007934 -3.612004 5.800000
0.544000
0.0 1.0 1.0

1.878535 -3.264794 7.700000
0.546000
1.0 0.0 0.9

1.878535 -3.264794 5.700000
0.546000
0.0 1.0 1.0

2.639487 -2.710483 7.600000
0.548000
1.0 0.0 0.9

2.639487 -2.710483 5.600000
0.548000
0.0 1.0 1.0

3.242236 -1.981894 7.500000
0.550000
1.0 0.0 0.9

3.242236 -1.981894 5.500000
0.550000
0.0 1.0 1.0

3.647700 -1.123044 7.400000
0.552000
1.0 0.0 0.9

3.647700 -1.123044 5.400000
0.552000
0.0 1.0 1.0

3.828795 -0.186486 7.300000
0.554000
1.0 0.0 0.9

3.828795 -0.186486 5.300000
0.554000
0.0 1.0 1.0

3.772234 0.769903 7.200000
0.556000
1.0 0.0 0.9

3.772234 0.769903 5.200000
0.556000
0.0 1.0 1.0

3.479485 1.686504 7.100000
0.558000
1.0 0.0 0.9

3.479485 1.686504 5.100000
0.558000
0.0 1.0 1.0

2.966802 2.505667 7.000000
0.560000
1.0 0.0 0.9

2.966802 2.505667 5.000000
0.560000
0.0 1.0 1.0

2.264336 3.175340 6.900000
0.562000
1.0 0.0 0.9

2.264336 3.175340 4.900000
0.562000
0.0 1.0 1.0

1.414370 3.652374 6.800000
0.564000
1.0 0.0 0.9

1.414370 3.652374 4.800000
0.564000
0.0 1.0 1.0

0.468775 3.905299 6.700000
0.566000
1.0 0.0 0.9

0.468775 3.905299 4.700000
0.566000
0.0 1.0 1.0

-0.514154 3.916395 6.600000
0.568000
1.0 0.0 0.9

-0.514154 3.916395 4.600000
0.568000
0.0 1.0 1.0

-1.473292 3.682914 6.500000
0.570000
1.0 0.0 0.9

-1.473292 3.682914 4.500000
0.570000
0.0 1.0 1.0

-2.348485 3.217385 6.400000
0.572000
1.0 0.0 0.9

-2.348485 3.217385 4.400000
0.572000
0.0 1.0 1.0

-3.084321 2.546952 6.300000
0.574000
1.0 0.0 0.9

-3.084321 2.546952 4.300000
0.574000
0.0 1.0 1.0

-3.633640 1.711803 6.200000
0.576000
1.0 0.0 0.9

-3.633640 1.711803 4.200000
0.576000
0.0 1.0 1.0

-3.960552 0.762762 6.100000
0.578000
1.0 0.0 0.9

-3.960552 0.762762 4.100000
0.578000
0.0 1.0 1.0

-4.042775 -0.241801 6.000000
0.580000
1.0 0.0 0.9

-4.042775 -0.241801 4.000000
0.580000
0.0 1.0 1.0

-3.873146 -1.239563 5.900000
0.582000
1.0 0.0 0.9

-3.873146 -1.239563 3.900000
0.582000
0.0 1.0 1.0

-3.460190 -2.168109 5.800000
0.584000
1.0 0.0 0.9

-3.460190 -2.168109 3.800000
0.584000
0.0 1.0 1.0

-2.827717 -2.968841 5.700000
0.586000
1.0 0.0 0.9

-2.827717 -2.968841 3.700000
0.586000
0.0 1.0 1.0

-2.013459 -3.590673 5.600000
0.588000
1.0 0.0 0.9

-2.013459 -3.590673 3.600000
0.588000
0.0 1.0 1.0

-1.066820 -3.993287 5.500000
0.590000
1.0 0.0 0.9

-1.066820 -3.993287 3.500000
0.590000
0.0 1.0 1.0

-0.045885 -4.149746 5.400000
0.592000
1.0 0.0 0.9

-0.045885 -4.149746 3.400000
0.592000
0.0 1.0 1.0

0.986150 -4.048286 5.300000
0.594000
1.0 0.0 0.9

0.986150 -4.048286 3.300000
0.594000
0.0 1.0 1.0

1.964883 -3.693171 5.200000
0.596000
1.0 0.0 0.9

1.964883 -3.693171 3.200000
0.596000
0.0 1.0 1.0

2.828730 -3.104559 5.100000
0.598000
1.0 0.0 0.9

2.828730 -3.104559 3.100000
0.598000
0.0 1.0 1.0

3.522796 -2.317366 5.000000
0.600000
1.0 0.0 0.9

3.522796 -2.317366 3.000000
0.600000
0.0 1.0 1.0

4.002364 -1.379201 4.900000
0.602000
1.0 0.0 0.9

4.002364 -1.379201 2.900000
0.602000
0.0 1.0 1.0

4.235771 -0.347487 4.800000
0.604000
1.0 0.0 0.9

4.235771 -0.347487 2.800000
0.604000
0.0 1.0 1.0

